
  11234  633410  637130  271874  291050  262205  522397  238100  138100  680953
  31880  551464  566644  216596  411284  413797  301025  132362  275850  579969
  152653  865541  846281  486625  180601  105170  1084052  565105  26029  947314
  97754  747994  734474  385970  170474  112345  901561  440260  27956  819845
  27674  694954  692234  322370  245834  201145  667741  318160  86696  752765
  262720  166304  161284  34516  105124  165257  507645  115922  170930  201029
  497569  236249  267929  138505  733129  870500  60026  42565  807361  215620
  620269  93109  115029  83509  610789  771496  189010  64541  772993  76576
  324000  720128  689428  446148  62388  15041  1259845  615346  12434  806525
  348170  155482  144202  56930  67082  131665  639125  180560  167688  195381
..choose: 11234

Best biker: (286,686), to bike: (261,789)

  551464  566644  216596  411284  413797  301025  132362  275850  579969
  865541  846281  486625  180601  105170  1084052  565105  26029  947314
  747994  734474  385970  170474  112345  901561  440260  27956  819845
  694954  692234  322370  245834  201145  667741  318160  86696  752765
  166304  161284  34516  105124  165257  507645  115922  170930  201029
  236249  267929  138505  733129  870500  60026  42565  807361  215620
  93109  115029  83509  610789  771496  189010  64541  772993  76576
  720128  689428  446148  62388  15041  1259845  615346  12434  806525
  155482  144202  56930  67082  131665  639125  180560  167688  195381
..choose: 132362
..choose: 26029
..choose: 12434

Best biker: (81,249), to bike: (136,346)

  551464  566644  216596  411284  413797  301025  132362  579969
  865541  846281  486625  180601  105170  1084052  565105  947314
  747994  734474  385970  170474  112345  901561  440260  819845
  694954  692234  322370  245834  201145  667741  318160  752765
  166304  161284  34516  105124  165257  507645  115922  201029
  236249  267929  138505  733129  870500  60026  42565  215620
  93109  115029  83509  610789  771496  189010  64541  76576
  155482  144202  56930  67082  131665  639125  180560  195381
..choose: 132362
..choose: 105170
..choose: 34516

Best biker: (549,365), to bike: (729,411)

  551464  566644  411284  413797  301025  132362  579969
  865541  846281  180601  105170  1084052  565105  947314
  747994  734474  170474  112345  901561  440260  819845
  694954  692234  245834  201145  667741  318160  752765
  236249  267929  733129  870500  60026  42565  215620
  93109  115029  610789  771496  189010  64541  76576
  155482  144202  67082  131665  639125  180560  195381
..choose: 132362
..choose: 105170
..choose: 42565

Best biker: (961,702), to bike: (770,624)

  551464  566644  411284  413797  301025  579969
  865541  846281  180601  105170  1084052  947314
  747994  734474  170474  112345  901561  819845
  694954  692234  245834  201145  667741  752765
  93109  115029  610789  771496  189010  76576
  155482  144202  67082  131665  639125  195381
..choose: 301025
..choose: 105170
..choose: 76576
..choose: 67082

Best biker: (538,268), to bike: (309,147)
result: 67082
